latitude: 31.102467
longitude: 121.497470
elevation: 15
